hours,demand,diff
0.08333333333333333,52152,6943
460.75,45209,3003
921.4166666666666,42206,2621
1382.0833333333333,39585,2105
1842.6666666666665,37480,1975
2303.333333333333,35505,1323
2764,34182,994
3224.6666666666665,33188,873
3685.333333333333,32315,748
4146,31567,846
4606.583333333333,30721,856
5067.25,29865,930
5527.916666666666,28935,1047
5988.583333333333,27888,1128
6449.25,26760,1240
6909.916666666666,25520,1193
7370.5,24327,1200
7831.166666666666,23127,1163
8291.833333333332,21964,4396
8752.5,17568,17568
